    A   T   G   C   S   W   R   Y   K   M   B   V   H   D   N   U
A   10   9   9   9   9   9   9   9   9   9   9   9   9   9   9   9   
T   9   10   9   9   9   9   9   9   9   9   9   9   9   9   9   9   
G   9   9   10   9   9   9   9   9   9   9   9   9   9   9   9   9   
C   9   9   9   10   9   9   9   9   9   9   9   9   9   9   9   9   
S   9   9   9   9   10   9   9   9   9   9   9   9   9   9   9   9   
W   9   9   9   9   9   10   9   9   9   9   9   9   9   9   9   9   
R   9   9   9   9   9   9   10   9   9   9   9   9   9   9   9   9   
Y   9   9   9   9   9   9   9   10   9   9   9   9   9   9   9   9   
K   9   9   9   9   9   9   9   9   10   9   9   9   9   9   9   9   
M   9   9   9   9   9   9   9   9   9   10   9   9   9   9   9   9   
B   9   9   9   9   9   9   9   9   9   9   10   9   9   9   9   9   
V   9   9   9   9   9   9   9   9   9   9   9   10   9   9   9   9   
H   9   9   9   9   9   9   9   9   9   9   9   9   10   9   9   9   
D   9   9   9   9   9   9   9   9   9   9   9   9   9   10   9   9   
N   9   9   9   9   9   9   9   9   9   9   9   9   9   9   10   9   
U   9   9   9   9   9   9   9   9   9   9   9   9   9   9   9   10   
